蚁群算法的最优路径 [55, 66, 47, 10, 64, 50, 59, 51, 9, 4, 52, 5, 40, 16, 42, 33, 20, 11, 32, 53, 61, 39, 60, 44, 38, 24, 45, 26, 8, 67, 43, 29, 19, 13, 7, 27, 25, 48, 54, 31, 2, 41, 17, 3, 1, 6, 18, 23, 14, 56, 65, 21, 62, 58, 37, 68, 30, 12, 28, 69, 34, 22, 0, 35, 15, 46, 36, 57, 49, 63] 
迭代 1500 次后,蚁群算法求得最优解 749.796703 
执行时间: 110.087945 秒蚁群算法的最优路径 [50, 64, 63, 10, 55, 66, 47, 53, 61, 32, 59, 11, 20, 33, 42, 16, 8, 39, 60, 44, 38, 24, 45, 26, 29, 19, 13, 43, 67, 2, 31, 7, 27, 48, 54, 25, 18, 1, 6, 3, 17, 41, 40, 5, 56, 14, 23, 62, 21, 65, 37, 58, 30, 68, 12, 28, 69, 34, 22, 0, 35, 46, 15, 57, 36, 49, 51, 9, 4, 52] 
迭代 1000 次后,蚁群算法求得最优解 770.357698 
执行时间: 73.127037 秒蚁群算法的最优路径 [31, 2, 7, 27, 25, 48, 54, 6, 1, 17, 3, 41, 5, 40, 42, 16, 33, 20, 11, 59, 51, 9, 4, 52, 65, 62, 21, 58, 68, 30, 69, 12, 28, 35, 0, 22, 46, 15, 36, 57, 49, 50, 55, 66, 47, 10, 64, 63, 32, 53, 61, 60, 39, 44, 38, 24, 45, 26, 8, 67, 43, 29, 19, 13, 18, 14, 23, 56, 34, 37] 
迭代 10 次后,蚁群算法求得最优解 803.889299 
执行时间: 0.717419 秒蚁群算法的最优路径 [52, 4, 9, 51, 59, 11, 20, 33, 8, 39, 60, 38, 44, 24, 45, 26, 42, 16, 5, 40, 41, 17, 3, 1, 6, 31, 2, 7, 27, 25, 48, 54, 18, 23, 14, 56, 65, 21, 62, 58, 37, 30, 68, 12, 28, 69, 34, 35, 0, 22, 46, 15, 36, 57, 49, 50, 55, 66, 47, 10, 64, 63, 53, 61, 32, 67, 43, 29, 13, 19] 
迭代 10 次后,蚁群算法求得最优解 808.661237 
执行时间: 0.715848 秒蚁群算法的最优路径 [4, 9, 51, 59, 11, 20, 33, 32, 53, 61, 66, 47, 10, 55, 50, 64, 63, 49, 57, 36, 15, 46, 0, 35, 22, 68, 30, 12, 28, 69, 34, 37, 21, 58, 62, 65, 56, 14, 23, 18, 6, 1, 31, 2, 7, 27, 25, 48, 54, 19, 29, 13, 43, 67, 39, 60, 44, 38, 24, 45, 26, 8, 16, 42, 40, 5, 41, 17, 3, 52] 
迭代 10000 次后,蚁群算法求得最优解 743.440222 
执行时间: 767.659633 秒蚁群算法的最优路径 [63, 64, 50, 55, 10, 47, 66, 53, 32, 20, 33, 11, 59, 51, 9, 52, 4, 49, 36, 57, 46, 15, 0, 35, 12, 28, 69, 30, 68, 58, 62, 65, 21, 37, 22, 34, 56, 14, 23, 18, 6, 1, 3, 17, 41, 40, 5, 31, 2, 7, 27, 25, 48, 54, 13, 19, 29, 43, 67, 42, 16, 8, 26, 45, 24, 44, 38, 60, 39, 61] 
迭代 1000 次后,蚁群算法求得最优解 751.767215 
执行时间: 74.814895 秒蚁群算法的最优路径 [49, 57, 36, 15, 46, 22, 35, 0, 12, 28, 69, 30, 68, 34, 14, 23, 56, 62, 21, 65, 58, 37, 52, 4, 9, 51, 59, 32, 11, 33, 20, 42, 16, 40, 5, 41, 17, 3, 1, 6, 18, 31, 2, 7, 27, 25, 48, 54, 13, 19, 29, 43, 67, 8, 44, 38, 60, 39, 26, 45, 24, 61, 53, 66, 47, 10, 55, 64, 50, 63] 
迭代 1000 次后,蚁群算法求得最优解 764.226097 
执行时间: 73.973222 秒蚁群算法的最优路径 [8, 67, 43, 13, 19, 29, 27, 7, 25, 48, 54, 18, 1, 6, 31, 2, 3, 17, 41, 5, 40, 42, 16, 20, 33, 11, 59, 51, 9, 4, 52, 14, 23, 56, 62, 21, 65, 58, 37, 12, 28, 69, 30, 68, 34, 22, 0, 35, 15, 46, 36, 57, 49, 50, 55, 64, 63, 10, 66, 47, 53, 61, 32, 60, 39, 44, 38, 24, 26, 45] 
迭代 1000 次后,蚁群算法求得最优解 754.798309 
执行时间: 73.111380 秒蚁群算法的最优路径 [45, 26, 39, 60, 44, 38, 24, 33, 20, 11, 59, 51, 9, 4, 52, 65, 62, 58, 21, 37, 30, 68, 12, 28, 69, 34, 0, 35, 22, 46, 15, 36, 57, 49, 50, 55, 47, 66, 10, 64, 63, 53, 32, 61, 8, 42, 16, 40, 41, 17, 3, 6, 1, 31, 2, 7, 27, 48, 54, 25, 18, 23, 14, 56, 5, 43, 67, 13, 19, 29] 
迭代 10 次后,蚁群算法求得最优解 825.967892 
执行时间: 1.431849 秒蚁群算法的最优路径 [0, 35, 22, 21, 62, 65, 58, 37, 12, 28, 69, 30, 68, 34, 56, 23, 14, 1, 6, 31, 2, 7, 25, 48, 54, 27, 18, 3, 17, 41, 5, 40, 42, 16, 8, 67, 43, 13, 19, 29, 26, 45, 39, 60, 44, 24, 38, 61, 53, 32, 33, 20, 11, 59, 51, 9, 4, 52, 49, 57, 36, 46, 15, 50, 55, 66, 47, 10, 64, 63, 10, 26, 45, 17, 22, 47] 
迭代 10 次后,蚁群算法求得最优解 790.532054 
执行时间: 14.334719 秒蚁群算法的最优路径 [10, 55, 66, 47, 53, 61, 33, 20, 11, 32, 59, 51, 9, 4, 36, 57, 49, 46, 15, 22, 0, 35, 28, 12, 30, 68, 69, 34, 58, 21, 62, 65, 3, 17, 41, 5, 40, 42, 16, 8, 39, 60, 44, 24, 38, 45, 26, 67, 43, 29, 19, 13, 27, 7, 25, 48, 54, 31, 2, 1, 6, 18, 23, 14, 56, 37, 52, 50, 64, 63] 
迭代 1000 次后,蚁群算法求得最优解 769.178605 
执行时间: 151.972721 秒蚁群算法的最优路径 [14, 23, 56, 65, 62, 21, 30, 12, 28, 69, 68, 58, 46, 57, 36, 52, 51, 9, 4, 49, 50, 59, 11, 33, 20, 16, 42, 40, 5, 41, 17, 3, 1, 6, 18, 54, 48, 7, 27, 25, 31, 2, 13, 19, 29, 67, 43, 8, 60, 39, 38, 44, 24, 26, 45, 61, 53, 66, 47, 10, 64, 55, 32, 63, 15, 0, 35, 22, 37, 34] 
迭代 500 次后,蚁群算法求得最优解 857.215843 
执行时间: 82.685066 秒蚁群算法的最优路径 [66, 47, 55, 10, 64, 50, 5, 40, 41, 17, 3, 1, 14, 23, 56, 58, 68, 30, 69, 28, 12, 0, 35, 15, 46, 36, 57, 4, 11, 33, 20, 32, 59, 51, 49, 9, 52, 22, 37, 21, 65, 62, 34, 6, 18, 31, 7, 27, 25, 48, 54, 13, 19, 29, 2, 67, 43, 26, 45, 24, 44, 38, 39, 60, 8, 16, 42, 61, 53, 63] 
迭代 50 次后,蚁群算法求得最优解 931.109614 
执行时间: 7.606470 秒蚁群算法的最优路径 [34, 30, 68, 12, 28, 69, 37, 58, 21, 62, 65, 56, 23, 14, 18, 6, 1, 3, 17, 41, 5, 40, 2, 31, 7, 27, 25, 48, 54, 13, 19, 29, 43, 67, 42, 16, 33, 20, 11, 59, 32, 53, 61, 38, 44, 24, 39, 60, 8, 45, 26, 51, 9, 4, 52, 50, 64, 55, 66, 47, 10, 63, 49, 57, 36, 46, 15, 22, 35, 0] 
迭代 50 次后,蚁群算法求得最优解 798.236945 
执行时间: 8.190471 秒蚁群算法的最优路径 [0, 35, 12, 28, 69, 30, 68, 34, 23, 14, 56, 62, 21, 58, 37, 22, 15, 46, 57, 36, 49, 4, 9, 51, 59, 11, 33, 20, 16, 42, 8, 40, 5, 41, 17, 3, 1, 6, 18, 25, 54, 48, 31, 2, 27, 7, 13, 19, 29, 43, 67, 26, 45, 60, 39, 44, 24, 38, 61, 53, 32, 47, 66, 10, 55, 64, 50, 63, 52, 65, 11, 62, 32, 47, 26, 2, 29, 12, 2, 32] 
迭代 50 次后,蚁群算法求得最优解 799.770076 
执行时间: 7.649378 秒蚁群算法的最优路径 [0, 35, 28, 12, 30, 68, 69, 34, 21, 62, 58, 37, 22, 46, 15, 36, 57, 49, 4, 9, 51, 59, 11, 33, 20, 16, 42, 40, 41, 17, 3, 1, 6, 31, 2, 7, 27, 25, 48, 54, 18, 14, 23, 56, 65, 52, 5, 67, 43, 29, 19, 13, 45, 26, 8, 39, 60, 38, 44, 24, 61, 53, 32, 50, 55, 64, 66, 47, 10, 63, 66, 52, 17, 44, 26, 0, 11, 20, 21, 64, 40, 26, 22, 10, 64, 49, 44, 54, 46, 36, 17, 21, 31, 13, 61] 
迭代 50 次后,蚁群算法求得最优解 796.639964 
执行时间: 7.847931 秒蚁群算法的最优路径 [0, 35, 22, 46, 15, 36, 57, 49, 51, 9, 4, 52, 65, 21, 58, 37, 68, 30, 12, 28, 69, 34, 23, 14, 56, 62, 40, 5, 41, 17, 3, 1, 6, 31, 25, 7, 27, 48, 54, 18, 2, 13, 19, 29, 43, 67, 16, 42, 8, 39, 60, 38, 44, 24, 45, 26, 33, 20, 11, 59, 32, 53, 61, 66, 47, 10, 55, 64, 50, 63, 37, 1, 30, 69, 47, 56, 55, 55, 67, 11, 30, 17, 16, 51, 29, 7, 66, 52, 53, 57, 34, 66, 48, 12, 19, 15, 37, 43, 50, 37, 53, 40, 63, 22, 62, 67, 39, 7, 55, 32, 32, 20, 33, 0, 46] 
迭代 50 次后,蚁群算法求得最优解 803.703034 
执行时间: 7.246116 秒蚁群算法的最优路径 [36, 57, 46, 15, 22, 0, 35, 12, 28, 69, 68, 30, 37, 62, 65, 21, 58, 34, 14, 23, 56, 1, 6, 31, 2, 41, 5, 40, 42, 16, 8, 39, 60, 38, 44, 24, 45, 26, 67, 43, 29, 19, 13, 27, 7, 25, 48, 54, 18, 3, 17, 52, 4, 9, 51, 59, 11, 20, 33, 32, 53, 61, 66, 47, 10, 55, 64, 50, 63, 49] 
迭代 1000 次后,蚁群算法求得最优解 745.088607 
执行时间: 159.164569 秒蚁群算法的最优路径 [14, 23, 56, 21, 65, 62, 58, 37, 30, 68, 69, 28, 12, 22, 0, 35, 15, 46, 36, 57, 49, 9, 51, 59, 32, 11, 20, 33, 16, 42, 40, 5, 41, 17, 3, 1, 6, 18, 31, 2, 7, 27, 25, 48, 54, 13, 19, 29, 67, 43, 8, 60, 39, 26, 45, 44, 24, 38, 61, 53, 66, 47, 10, 55, 50, 64, 63, 4, 52, 34] 
迭代 1000 次后,蚁群算法求得最优解 765.331765 
执行时间: 166.846237 秒蚁群算法的最优路径 [62, 65, 21, 37, 58, 68, 30, 12, 28, 69, 34, 56, 14, 23, 6, 1, 3, 17, 41, 5, 40, 42, 16, 4, 9, 51, 49, 50, 55, 66, 47, 10, 64, 63, 57, 36, 15, 46, 22, 0, 35, 52, 59, 11, 33, 20, 32, 53, 61, 60, 39, 44, 24, 38, 45, 26, 8, 67, 43, 13, 19, 29, 2, 31, 7, 27, 25, 48, 54, 18] 
迭代 10 次后,蚁群算法求得最优解 820.275972 
执行时间: 1.755659 秒蚁群算法的最优路径 [0, 35, 12, 28, 69, 30, 68, 37, 21, 62, 65, 58, 34, 14, 23, 56, 6, 1, 3, 17, 41, 5, 40, 42, 16, 8, 39, 60, 38, 44, 24, 45, 26, 67, 43, 29, 19, 13, 27, 7, 25, 48, 54, 18, 31, 2, 52, 4, 9, 51, 59, 11, 20, 33, 32, 53, 61, 47, 66, 55, 10, 64, 63, 49, 57, 36, 22, 15, 46, 50, 19, 59, 1, 24, 24, 34, 50, 39] 
迭代 10 次后,蚁群算法求得最优解 812.416785 
执行时间: 1.470574 秒蚁群算法的最优路径 [32, 53, 61, 39, 60, 38, 44, 24, 45, 26, 8, 67, 43, 29, 19, 13, 27, 7, 25, 48, 54, 31, 2, 41, 17, 3, 1, 6, 18, 56, 23, 14, 62, 21, 65, 58, 37, 22, 0, 35, 28, 12, 30, 68, 69, 34, 36, 57, 46, 15, 9, 51, 59, 11, 20, 33, 42, 16, 40, 5, 52, 4, 49, 50, 64, 55, 47, 66, 10, 63] 
迭代 10 次后,蚁群算法求得最优解 803.430378 
执行时间: 1.477216 秒蚁群算法的最优路径 [0, 35, 15, 46, 57, 36, 49, 51, 9, 4, 52, 65, 62, 21, 58, 37, 68, 30, 12, 28, 69, 34, 23, 14, 56, 18, 6, 1, 3, 17, 41, 40, 5, 2, 31, 7, 27, 48, 54, 25, 19, 29, 13, 43, 67, 8, 39, 38, 44, 24, 60, 26, 45, 16, 42, 20, 33, 11, 59, 32, 61, 53, 66, 47, 10, 55, 64, 50, 63, 22, 32, 16, 39] 
迭代 10 次后,蚁群算法求得最优解 794.977130 
执行时间: 1.461957 秒蚁群算法的最优路径 [2, 31, 6, 1, 3, 17, 41, 5, 40, 42, 16, 8, 39, 60, 38, 44, 24, 26, 45, 43, 67, 29, 19, 13, 7, 27, 25, 48, 54, 18, 23, 14, 56, 58, 30, 68, 12, 28, 69, 34, 21, 62, 65, 37, 22, 0, 35, 15, 46, 36, 57, 9, 51, 59, 11, 33, 20, 32, 53, 61, 10, 47, 66, 55, 50, 64, 63, 4, 52, 49] 
迭代 10 次后,蚁群算法求得最优解 812.903566 
执行时间: 2.143258 秒蚁群算法的最优路径 [31, 2, 7, 27, 25, 18, 6, 1, 3, 17, 41, 40, 5, 42, 16, 33, 20, 11, 59, 51, 9, 4, 52, 62, 21, 65, 58, 37, 22, 12, 28, 69, 30, 68, 34, 56, 14, 23, 35, 0, 15, 46, 36, 57, 49, 50, 55, 47, 66, 10, 64, 63, 32, 53, 61, 39, 60, 38, 44, 24, 26, 45, 8, 67, 43, 29, 19, 13, 48, 54] 
迭代 10 次后,蚁群算法求得最优解 798.975229 
执行时间: 1.550712 秒蚁群算法的最优路径 [36, 57, 15, 46, 22, 0, 35, 28, 12, 30, 68, 69, 34, 58, 62, 65, 21, 37, 56, 23, 14, 18, 6, 1, 3, 17, 5, 40, 41, 2, 31, 7, 27, 25, 48, 54, 13, 29, 19, 43, 67, 8, 39, 60, 44, 24, 38, 45, 26, 16, 42, 33, 20, 11, 59, 9, 51, 4, 52, 49, 50, 55, 64, 47, 66, 10, 63, 32, 53, 61] 
迭代 10 次后,蚁群算法求得最优解 824.316673 
执行时间: 1.627554 秒蚁群算法的最优路径 [52, 4, 9, 51, 59, 11, 33, 20, 32, 53, 61, 38, 44, 24, 60, 39, 45, 26, 8, 42, 16, 40, 41, 17, 3, 1, 6, 18, 23, 14, 56, 21, 62, 58, 37, 22, 46, 36, 57, 49, 50, 64, 55, 66, 47, 10, 63, 15, 0, 35, 28, 12, 30, 68, 69, 34, 65, 31, 2, 13, 19, 29, 67, 43, 27, 7, 25, 48, 54, 5] 
迭代 10 次后,蚁群算法求得最优解 811.907784 
执行时间: 1.503495 秒蚁群算法的最优路径 [52, 4, 9, 51, 59, 11, 32, 33, 20, 39, 60, 38, 44, 24, 45, 26, 43, 67, 29, 13, 19, 31, 2, 7, 27, 25, 48, 54, 18, 6, 1, 3, 17, 41, 5, 40, 16, 42, 8, 61, 53, 47, 66, 55, 64, 10, 63, 50, 49, 57, 36, 37, 30, 68, 69, 28, 12, 34, 56, 14, 23, 62, 65, 21, 58, 35, 0, 46, 15, 22] 
迭代 10 次后,蚁群算法求得最优解 809.586885 
执行时间: 1.536675 秒蚁群算法的最优路径 [8, 39, 60, 38, 44, 24, 45, 26, 43, 67, 29, 19, 13, 2, 31, 25, 7, 27, 48, 54, 18, 6, 1, 3, 17, 41, 5, 40, 42, 16, 20, 33, 11, 59, 51, 9, 4, 52, 65, 62, 21, 58, 37, 30, 68, 12, 28, 69, 34, 23, 14, 56, 22, 0, 35, 15, 46, 57, 36, 49, 50, 64, 55, 66, 47, 10, 63, 32, 53, 61] 
迭代 500 次后,蚁群算法求得最优解 752.726357 
执行时间: 37.888062 秒蚁群算法的最优路径 [33, 20, 11, 59, 51, 9, 4, 52, 5, 40, 41, 17, 3, 1, 6, 31, 2, 43, 67, 16, 42, 8, 39, 60, 38, 44, 24, 45, 26, 29, 19, 13, 27, 7, 25, 48, 54, 18, 23, 14, 56, 65, 21, 62, 58, 37, 12, 28, 69, 30, 68, 34, 22, 0, 35, 15, 46, 36, 57, 49, 50, 55, 66, 47, 10, 64, 63, 53, 61, 32] 
迭代 1000 次后,蚁群算法求得最优解 723.500995 
执行时间: 74.731859 秒蚁群算法的最优路径 [10, 47, 66, 55, 64, 50, 51, 9, 4, 52, 5, 40, 42, 16, 20, 33, 11, 32, 59, 53, 61, 60, 39, 44, 24, 38, 45, 26, 8, 67, 43, 29, 19, 13, 2, 31, 6, 1, 3, 17, 41, 27, 7, 48, 54, 25, 18, 23, 14, 56, 65, 62, 21, 58, 34, 69, 28, 12, 30, 68, 37, 22, 0, 35, 15, 46, 36, 57, 49, 63] 
迭代 1000 次后,蚁群算法求得最优解 737.653164 
执行时间: 74.937188 秒蚁群算法的最优路径 [10, 66, 47, 53, 32, 11, 59, 51, 9, 4, 52, 49, 36, 57, 46, 15, 22, 0, 35, 28, 12, 68, 30, 69, 34, 58, 21, 62, 65, 37, 56, 14, 23, 18, 6, 1, 3, 17, 41, 5, 40, 16, 42, 67, 43, 2, 31, 27, 7, 48, 54, 25, 13, 19, 29, 26, 45, 24, 44, 38, 60, 39, 8, 20, 33, 61, 55, 50, 64, 63] 
迭代 1000 次后,蚁群算法求得最优解 740.892796 
执行时间: 72.632839 秒蚁群算法的最优路径 [57, 36, 49, 4, 52, 9, 51, 59, 11, 20, 33, 32, 53, 47, 66, 55, 50, 64, 63, 10, 61, 39, 60, 38, 44, 24, 45, 26, 8, 16, 42, 40, 5, 41, 17, 3, 1, 6, 31, 2, 43, 67, 29, 19, 13, 7, 27, 25, 48, 54, 18, 23, 14, 56, 62, 21, 58, 37, 22, 28, 12, 30, 68, 69, 34, 65, 0, 35, 15, 46] 
迭代 1000 次后,蚁群算法求得最优解 752.471675 
执行时间: 73.135439 秒蚁群算法的最优路径 [19, 29, 13, 2, 31, 27, 7, 25, 48, 54, 18, 6, 1, 17, 3, 41, 5, 40, 42, 16, 20, 33, 11, 59, 51, 9, 4, 52, 65, 21, 62, 58, 37, 68, 30, 12, 28, 69, 34, 14, 23, 56, 22, 0, 35, 15, 46, 36, 57, 49, 50, 55, 64, 63, 10, 66, 47, 53, 32, 61, 38, 44, 24, 39, 60, 26, 45, 8, 67, 43] 
迭代 500 次后,蚁群算法求得最优解 740.190798 
执行时间: 37.025839 秒蚁群算法的最优路径 [19, 29, 13, 43, 67, 40, 5, 17, 3, 6, 1, 31, 2, 27, 7, 25, 48, 54, 18, 23, 14, 56, 62, 65, 21, 58, 68, 30, 12, 28, 69, 34, 37, 22, 0, 35, 46, 15, 57, 36, 49, 4, 52, 9, 51, 59, 11, 20, 33, 32, 53, 66, 55, 50, 63, 64, 10, 47, 61, 60, 39, 38, 24, 44, 45, 26, 8, 16, 42, 41] 
迭代 500 次后,蚁群算法求得最优解 764.168577 
执行时间: 41.879395 秒蚁群算法的最优路径 [19, 13, 29, 43, 67, 42, 16, 40, 41, 5, 17, 3, 1, 6, 31, 2, 27, 7, 25, 48, 54, 18, 14, 23, 56, 62, 65, 21, 58, 37, 22, 0, 35, 69, 12, 28, 30, 68, 34, 46, 15, 36, 57, 49, 9, 4, 52, 51, 59, 11, 33, 20, 32, 66, 47, 10, 55, 64, 50, 63, 53, 61, 38, 60, 39, 44, 24, 45, 26, 8] 
迭代 500 次后,蚁群算法求得最优解 778.126300 
执行时间: 36.141832 秒蚁群算法的最优路径 [0, 35, 28, 12, 30, 68, 69, 34, 58, 37, 22, 46, 15, 36, 57, 49, 9, 4, 52, 51, 59, 32, 11, 33, 20, 16, 42, 40, 5, 17, 3, 1, 6, 18, 23, 14, 56, 62, 21, 65, 41, 31, 2, 27, 7, 48, 54, 25, 29, 19, 13, 43, 67, 8, 26, 45, 38, 24, 44, 39, 60, 61, 53, 47, 66, 10, 55, 50, 64, 63] 
迭代 500 次后,蚁群算法求得最优解 771.568134 
执行时间: 35.934238 秒蚁群算法的最优路径 [0, 35, 22, 28, 12, 30, 68, 34, 69, 37, 58, 21, 62, 65, 23, 14, 56, 1, 6, 3, 17, 41, 5, 40, 42, 16, 20, 33, 8, 39, 60, 44, 38, 24, 45, 26, 67, 43, 29, 19, 13, 27, 7, 2, 31, 18, 25, 48, 54, 52, 4, 9, 51, 50, 64, 63, 10, 55, 66, 47, 53, 61, 32, 11, 59, 49, 57, 36, 46, 15] 
迭代 1000 次后,蚁群算法求得最优解 769.749973 
执行时间: 80.291347 秒蚁群算法的最优路径 [52, 4, 9, 51, 59, 32, 11, 33, 20, 16, 42, 40, 5, 41, 17, 3, 1, 6, 31, 2, 18, 23, 14, 56, 58, 21, 65, 62, 37, 30, 68, 34, 69, 28, 12, 35, 0, 22, 46, 15, 36, 57, 49, 50, 64, 55, 66, 47, 10, 63, 53, 61, 39, 60, 38, 44, 24, 45, 26, 8, 67, 43, 29, 19, 13, 7, 27, 25, 48, 54] 
迭代 1000 次后,蚁群算法求得最优解 768.390265 
执行时间: 73.526453 秒蚁群算法的最优路径 [39, 60, 38, 44, 24, 45, 26, 29, 19, 13, 48, 54, 25, 7, 27, 2, 31, 17, 3, 1, 6, 18, 52, 4, 9, 51, 59, 11, 20, 33, 32, 53, 61, 66, 47, 10, 63, 64, 55, 50, 49, 36, 57, 15, 46, 22, 35, 0, 28, 12, 30, 68, 58, 21, 62, 65, 37, 69, 34, 56, 23, 14, 41, 5, 40, 16, 42, 67, 43, 8] 
迭代 100 次后,蚁群算法求得最优解 773.119476 
执行时间: 7.160318 秒蚁群算法的最优路径 [29, 13, 19, 27, 7, 25, 48, 54, 31, 2, 41, 17, 3, 1, 6, 18, 23, 14, 56, 58, 62, 65, 21, 68, 30, 28, 12, 69, 34, 37, 22, 0, 35, 15, 46, 57, 36, 49, 51, 9, 4, 52, 5, 40, 42, 16, 33, 20, 11, 59, 47, 66, 10, 55, 50, 64, 63, 32, 53, 61, 38, 60, 39, 24, 44, 45, 26, 8, 67, 43] 
迭代 1000 次后,蚁群算法求得最优解 755.440272 
执行时间: 74.955069 秒蚁群算法的最优路径 [34, 68, 30, 69, 28, 12, 22, 0, 35, 46, 15, 57, 36, 49, 9, 4, 52, 51, 59, 32, 33, 20, 11, 66, 47, 10, 55, 50, 64, 63, 53, 61, 60, 39, 44, 38, 24, 45, 26, 8, 16, 42, 40, 5, 41, 17, 3, 1, 6, 31, 2, 25, 7, 27, 13, 19, 29, 43, 67, 54, 48, 18, 23, 14, 56, 62, 21, 65, 58, 37] 
迭代 500 次后,蚁群算法求得最优解 773.120181 
执行时间: 38.460182 秒蚁群算法的最优路径 [21, 62, 58, 37, 68, 30, 28, 12, 69, 34, 56, 14, 23, 65, 52, 4, 9, 51, 59, 11, 33, 20, 16, 42, 67, 43, 29, 19, 13, 27, 7, 25, 48, 54, 18, 6, 1, 3, 17, 41, 40, 5, 31, 2, 26, 45, 38, 44, 24, 60, 39, 8, 61, 53, 32, 66, 47, 10, 55, 50, 64, 63, 49, 57, 36, 46, 15, 0, 35, 22] 
迭代 1000 次后,蚁群算法求得最优解 763.700387 
执行时间: 72.001009 秒蚁群算法的最优路径 [64, 55, 50, 59, 51, 9, 49, 57, 36, 46, 15, 0, 35, 22, 37, 68, 30, 12, 28, 69, 34, 58, 21, 62, 65, 56, 14, 23, 18, 6, 1, 3, 17, 41, 40, 5, 52, 4, 11, 20, 33, 32, 53, 61, 39, 60, 44, 24, 38, 8, 26, 45, 13, 29, 19, 27, 7, 25, 48, 54, 31, 2, 43, 67, 42, 16, 47, 66, 10, 63] 
迭代 100 次后,蚁群算法求得最优解 785.549563 
执行时间: 7.342240 秒蚁群算法的最优路径 [17, 3, 1, 6, 31, 2, 13, 19, 29, 27, 7, 25, 48, 54, 18, 23, 14, 56, 65, 62, 21, 37, 58, 68, 30, 12, 28, 34, 69, 22, 35, 0, 15, 46, 57, 36, 49, 50, 66, 55, 64, 63, 10, 47, 32, 53, 61, 38, 44, 39, 60, 24, 8, 26, 45, 67, 43, 41, 5, 40, 42, 16, 20, 33, 11, 59, 51, 9, 4, 52] 
迭代 500 次后,蚁群算法求得最优解 769.992737 
执行时间: 39.609766 秒蚁群算法的最优路径 [64, 55, 66, 47, 10, 59, 11, 20, 33, 32, 53, 61, 60, 38, 44, 24, 26, 45, 39, 8, 42, 16, 5, 40, 41, 17, 3, 1, 6, 54, 48, 25, 7, 27, 13, 19, 29, 43, 67, 2, 31, 18, 23, 14, 56, 62, 21, 65, 58, 37, 30, 68, 34, 28, 12, 69, 22, 46, 15, 35, 0, 57, 36, 9, 51, 4, 52, 49, 50, 63] 
迭代 1000 次后,蚁群算法求得最优解 782.562074 
执行时间: 80.320649 秒蚁群算法的最优路径 [68, 30, 22, 46, 15, 36, 57, 49, 9, 51, 59, 11, 20, 33, 8, 16, 42, 40, 5, 41, 17, 3, 1, 6, 18, 31, 2, 7, 27, 25, 48, 54, 13, 19, 29, 43, 67, 26, 45, 44, 38, 60, 39, 24, 61, 53, 32, 47, 66, 10, 55, 64, 63, 50, 4, 52, 65, 62, 21, 58, 37, 12, 28, 69, 35, 0, 34, 56, 14, 23] 
迭代 1000 次后,蚁群算法求得最优解 796.639063 
执行时间: 80.432542 秒蚁群算法的最优路径 [57, 36, 46, 15, 0, 35, 12, 28, 69, 30, 68, 34, 58, 65, 62, 21, 37, 22, 52, 4, 9, 51, 59, 32, 33, 20, 11, 16, 42, 40, 5, 41, 17, 3, 1, 6, 18, 56, 23, 14, 2, 31, 25, 54, 48, 27, 7, 13, 19, 29, 43, 67, 8, 39, 60, 38, 44, 24, 26, 45, 61, 53, 66, 47, 55, 10, 64, 63, 50, 49] 
迭代 1000 次后,蚁群算法求得最优解 772.954735 
执行时间: 76.764087 秒蚁群算法的最优路径 [56, 14, 23, 62, 58, 21, 65, 52, 4, 9, 51, 59, 11, 20, 33, 16, 42, 40, 5, 17, 41, 3, 6, 18, 1, 31, 2, 48, 54, 25, 7, 27, 13, 19, 29, 67, 43, 8, 26, 45, 39, 60, 44, 38, 24, 61, 53, 32, 47, 66, 55, 64, 50, 10, 63, 49, 57, 36, 15, 46, 0, 35, 12, 28, 69, 68, 30, 37, 22, 34] 
迭代 1000 次后,蚁群算法求得最优解 781.840002 
执行时间: 79.602745 秒蚁群算法的最优路径 [68, 30, 12, 28, 58, 37, 22, 0, 35, 15, 46, 57, 36, 4, 9, 51, 59, 32, 11, 20, 33, 16, 42, 40, 5, 41, 17, 3, 1, 6, 18, 25, 48, 54, 7, 27, 2, 31, 13, 19, 29, 67, 43, 8, 39, 60, 38, 44, 24, 45, 26, 61, 53, 66, 47, 10, 55, 64, 63, 50, 49, 52, 65, 21, 62, 56, 23, 14, 34, 69] 
迭代 1000 次后,蚁群算法求得最优解 752.366231 
执行时间: 70.776954 秒蚁群算法的最优路径 [41, 5, 40, 42, 16, 33, 20, 11, 32, 59, 51, 9, 4, 52, 65, 21, 62, 58, 37, 68, 30, 12, 28, 69, 34, 14, 23, 56, 22, 46, 15, 0, 35, 57, 36, 49, 50, 63, 64, 55, 10, 66, 47, 53, 61, 60, 39, 38, 44, 24, 45, 26, 8, 67, 43, 29, 19, 13, 27, 7, 31, 3, 17, 1, 6, 2, 25, 48, 54, 18] 
迭代 1000 次后,蚁群算法求得最优解 772.863057 
执行时间: 70.937505 秒蚁群算法的最优路径 [63, 64, 55, 66, 47, 10, 53, 61, 60, 39, 38, 44, 24, 45, 26, 8, 33, 20, 11, 32, 59, 51, 9, 4, 52, 13, 19, 29, 43, 67, 42, 16, 5, 40, 41, 17, 3, 1, 6, 31, 2, 7, 27, 25, 48, 54, 18, 23, 14, 56, 62, 65, 21, 58, 37, 22, 28, 12, 30, 68, 69, 34, 35, 0, 15, 46, 57, 36, 49, 50] 
迭代 1000 次后,蚁群算法求得最优解 758.267395 
执行时间: 75.240192 秒蚁群算法的最优路径 [23, 14, 56, 65, 62, 21, 37, 58, 34, 69, 28, 12, 68, 30, 22, 0, 35, 15, 46, 36, 57, 49, 9, 51, 59, 32, 11, 33, 20, 42, 16, 40, 5, 41, 17, 3, 1, 6, 31, 2, 27, 7, 48, 54, 25, 18, 13, 19, 29, 43, 67, 8, 39, 60, 38, 44, 24, 45, 26, 61, 53, 47, 66, 10, 55, 50, 64, 63, 4, 52] 
迭代 1000 次后,蚁群算法求得最优解 771.867164 
执行时间: 77.421077 秒蚁群算法的最优路径 [65, 62, 21, 58, 37, 68, 30, 12, 28, 69, 35, 0, 22, 46, 15, 57, 36, 49, 9, 4, 52, 3, 17, 41, 5, 40, 42, 16, 20, 33, 11, 32, 53, 61, 47, 66, 55, 64, 10, 63, 50, 51, 59, 8, 60, 39, 44, 38, 24, 45, 26, 67, 43, 29, 19, 13, 2, 31, 7, 27, 25, 48, 54, 18, 6, 1, 23, 14, 56, 34] 
迭代 1000 次后,蚁群算法求得最优解 759.668773 
执行时间: 72.543950 秒蚁群算法的最优路径 [50, 55, 64, 10, 66, 47, 53, 61, 32, 59, 11, 20, 33, 8, 39, 60, 38, 44, 24, 45, 26, 16, 42, 40, 5, 41, 17, 3, 1, 6, 31, 2, 43, 67, 29, 19, 13, 25, 7, 27, 48, 54, 18, 14, 23, 56, 65, 21, 62, 58, 37, 68, 30, 12, 28, 69, 34, 35, 0, 22, 15, 46, 36, 57, 49, 9, 4, 52, 51, 63] 
迭代 1000 次后,蚁群算法求得最优解 752.397984 
执行时间: 80.293894 秒蚁群算法的最优路径 [63, 10, 66, 47, 53, 61, 32, 11, 59, 51, 9, 4, 52, 5, 40, 42, 16, 20, 33, 8, 39, 60, 38, 44, 24, 45, 26, 67, 43, 29, 19, 13, 27, 7, 25, 48, 54, 18, 6, 1, 3, 17, 41, 2, 31, 23, 14, 56, 65, 62, 21, 58, 37, 68, 30, 12, 28, 69, 34, 22, 0, 35, 15, 46, 36, 57, 49, 50, 55, 64] 
迭代 1000 次后,蚁群算法求得最优解 710.752735 
执行时间: 82.442779 秒蚁群算法的最优路径 [52, 4, 9, 51, 59, 11, 20, 33, 32, 53, 61, 47, 66, 55, 64, 10, 63, 50, 49, 57, 36, 46, 15, 0, 35, 22, 37, 68, 30, 12, 28, 69, 34, 62, 21, 58, 65, 56, 14, 23, 18, 6, 1, 3, 17, 41, 5, 40, 42, 16, 8, 39, 60, 38, 44, 24, 45, 26, 67, 43, 29, 19, 13, 27, 7, 25, 48, 54, 31, 2] 
迭代 1000 次后,蚁群算法求得最优解 725.992353 
执行时间: 78.456468 秒蚁群算法的最优路径 [55, 64, 10, 66, 47, 53, 61, 32, 11, 59, 51, 9, 4, 52, 40, 42, 16, 20, 33, 8, 39, 60, 38, 44, 24, 45, 26, 67, 43, 29, 19, 13, 27, 7, 25, 48, 54, 18, 6, 1, 3, 17, 41, 5, 2, 31, 23, 14, 56, 65, 62, 21, 58, 37, 68, 30, 12, 28, 69, 34, 22, 0, 35, 15, 46, 36, 57, 49, 50, 63] 
迭代 1000 次后,蚁群算法求得最优解 740.871349 
执行时间: 78.759927 秒蚁群算法的最优路径 [12, 28, 69, 34, 68, 30, 37, 58, 62, 21, 65, 56, 14, 23, 18, 6, 1, 3, 17, 41, 5, 40, 42, 16, 8, 39, 60, 38, 44, 24, 45, 26, 67, 43, 29, 19, 13, 27, 7, 25, 48, 54, 2, 31, 52, 4, 9, 51, 59, 11, 20, 33, 32, 53, 61, 47, 66, 55, 64, 50, 10, 63, 49, 36, 57, 46, 15, 22, 0, 35] 
迭代 1000 次后,蚁群算法求得最优解 724.928404 
执行时间: 81.298927 秒蚁群算法的最优路径 [63, 64, 10, 66, 47, 53, 61, 32, 33, 20, 11, 59, 51, 9, 4, 52, 5, 40, 42, 16, 8, 39, 60, 38, 44, 24, 45, 26, 67, 43, 29, 19, 13, 27, 7, 25, 48, 54, 18, 1, 3, 17, 41, 2, 31, 6, 23, 14, 56, 65, 62, 21, 58, 37, 68, 30, 12, 28, 69, 34, 22, 0, 35, 15, 46, 36, 57, 49, 50, 55] 
迭代 1000 次后,蚁群算法求得最优解 707.697755 
执行时间: 79.356310 秒蚁群算法的最优路径 [10, 66, 47, 53, 61, 32, 33, 20, 11, 59, 51, 9, 4, 52, 5, 40, 42, 16, 8, 39, 60, 38, 44, 24, 45, 26, 67, 43, 29, 19, 13, 27, 7, 25, 48, 54, 18, 1, 6, 31, 2, 41, 17, 3, 23, 14, 56, 65, 62, 21, 58, 37, 68, 30, 12, 28, 69, 34, 22, 0, 35, 15, 46, 36, 57, 49, 50, 55, 64, 63] 
迭代 1000 次后,蚁群算法求得最优解 698.673455 
执行时间: 80.057060 秒蚁群算法的最优路径 [12, 28, 69, 34, 68, 30, 35, 0, 15, 46, 36, 57, 49, 50, 55, 64, 63, 10, 66, 47, 53, 61, 32, 33, 20, 11, 59, 51, 9, 4, 52, 5, 40, 42, 16, 8, 39, 60, 38, 44, 24, 45, 26, 67, 43, 29, 19, 13, 27, 7, 25, 48, 54, 18, 1, 6, 31, 2, 41, 17, 3, 23, 14, 56, 65, 62, 21, 58, 37, 22] 
迭代 1000 次后,蚁群算法求得最优解 695.699276 
执行时间: 77.726800 秒蚁群算法的最优路径 [69, 34, 68, 30, 12, 28, 35, 0, 22, 46, 15, 36, 57, 49, 50, 55, 64, 63, 10, 66, 47, 53, 61, 32, 33, 20, 11, 59, 51, 9, 4, 52, 5, 40, 42, 16, 8, 39, 60, 38, 44, 24, 45, 26, 67, 43, 29, 19, 13, 27, 7, 25, 48, 54, 18, 1, 6, 31, 2, 41, 17, 3, 23, 14, 56, 65, 62, 21, 58, 37] 
迭代 1000 次后,蚁群算法求得最优解 693.586711 
执行时间: 78.626475 秒蚁群算法的最优路径 [69, 12, 28, 35, 0, 22, 46, 15, 36, 57, 49, 50, 55, 64, 63, 10, 66, 47, 53, 61, 32, 33, 20, 11, 59, 51, 9, 4, 52, 5, 40, 42, 16, 8, 39, 60, 38, 44, 24, 45, 26, 67, 43, 29, 19, 13, 27, 7, 25, 48, 54, 18, 1, 6, 31, 2, 41, 17, 3, 23, 14, 56, 65, 62, 21, 58, 37, 68, 30, 34] 
迭代 1000 次后,蚁群算法求得最优解 689.029951 
执行时间: 79.388028 秒蚁群算法的最优路径 [30, 68, 34, 69, 12, 28, 35, 0, 22, 46, 15, 36, 57, 49, 50, 55, 64, 63, 10, 66, 47, 53, 61, 32, 33, 20, 11, 59, 51, 9, 4, 52, 5, 40, 42, 16, 8, 39, 60, 38, 44, 24, 45, 26, 67, 43, 29, 19, 13, 27, 7, 25, 48, 54, 18, 6, 31, 2, 41, 17, 3, 1, 23, 14, 56, 65, 62, 21, 58, 37] 
迭代 1000 次后,蚁群算法求得最优解 685.450163 
执行时间: 77.395232 秒蚁群算法的最优路径 [59, 51, 9, 4, 52, 5, 40, 42, 16, 8, 39, 60, 38, 44, 24, 45, 26, 67, 43, 29, 19, 13, 27, 7, 25, 48, 54, 18, 6, 31, 2, 41, 17, 3, 1, 23, 14, 56, 65, 62, 21, 58, 37, 30, 68, 34, 69, 12, 28, 35, 0, 22, 46, 15, 36, 57, 49, 50, 55, 64, 63, 10, 66, 47, 53, 61, 32, 33, 20, 11] 
迭代 1000 次后,蚁群算法求得最优解 685.450163 
执行时间: 78.400909 秒蚁群算法的最优路径 [25, 48, 54, 27, 7, 31, 2, 41, 17, 3, 1, 6, 18, 23, 14, 56, 65, 62, 21, 58, 37, 68, 30, 12, 28, 69, 34, 46, 15, 0, 35, 22, 36, 57, 49, 9, 51, 59, 11, 20, 33, 32, 53, 61, 47, 66, 10, 55, 50, 64, 63, 4, 52, 5, 40, 42, 16, 8, 39, 60, 38, 44, 24, 45, 26, 67, 43, 29, 19, 13] 
迭代 100 次后,蚁群算法求得最优解 743.689532 
执行时间: 8.386041 秒蚁群算法的最优路径 [64, 55, 66, 10, 47, 53, 61, 32, 11, 59, 51, 9, 4, 52, 5, 40, 42, 16, 20, 33, 8, 39, 60, 38, 44, 24, 45, 26, 67, 43, 29, 19, 13, 27, 7, 25, 48, 54, 18, 6, 1, 3, 17, 41, 2, 31, 23, 14, 56, 62, 21, 65, 58, 37, 68, 30, 12, 28, 69, 34, 22, 46, 15, 0, 35, 36, 57, 49, 50, 63] 
迭代 100 次后,蚁群算法求得最优解 733.934166 
执行时间: 8.604909 秒蚁群算法的最优路径 [17, 3, 1, 6, 31, 2, 7, 27, 25, 48, 54, 18, 23, 14, 56, 65, 62, 21, 58, 37, 68, 30, 12, 28, 69, 34, 22, 0, 35, 15, 46, 36, 57, 49, 9, 51, 59, 11, 20, 33, 32, 53, 61, 47, 66, 55, 64, 10, 63, 50, 4, 52, 5, 40, 42, 16, 8, 39, 60, 38, 44, 24, 45, 26, 67, 43, 29, 19, 13, 41] 
迭代 1000 次后,蚁群算法求得最优解 728.863437 
执行时间: 81.906863 秒蚁群算法的最优路径 [55, 64, 50, 49, 57, 36, 46, 15, 0, 35, 22, 37, 30, 68, 12, 28, 69, 34, 58, 21, 62, 65, 56, 14, 23, 18, 1, 6, 31, 2, 7, 27, 25, 48, 54, 13, 19, 29, 43, 67, 8, 39, 60, 38, 44, 24, 45, 26, 16, 42, 40, 5, 41, 17, 3, 52, 4, 9, 51, 59, 11, 20, 33, 32, 53, 61, 47, 66, 10, 63] 
迭代 1000 次后,蚁群算法求得最优解 714.193949 
执行时间: 81.450263 秒